8.236296296296297
9.165740740740741
6.403888888888889
7.237037037037037
7.33962962962963
5.553888888888889
7.47
7.2407407407407405
6.914444444444444
8.462222222222222
7.189629629629629
5.663333333333333
6.810185185185185
5.560370370370371
6.093333333333334
5.3462962962962965
4.775740740740741
5.30037037037037
5.752037037037037
6.535555555555556
4.207962962962963
5.401666666666666
5.3462962962962965
4.45462962962963
4.209074074074074
4.074814814814815
5.075185185185185
5.7209259259259255
4.14
5.087592592592593
3.9233333333333333
3.864259259259259
3.868888888888889
3.783333333333333
4.3768518518518515
4.828703703703703
4.317592592592592
3.394814814814815
3.580740740740741
4.245555555555556
4.060925925925926
3.6075925925925927
4.0596296296296295
3.6874074074074072
4.114444444444445
4.001296296296296
4.575555555555556
3.707037037037037
3.774259259259259
3.2092592592592593
3.043148148148148
3.1712962962962963
3.448888888888889
3.8787037037037035
4.887222222222222
3.7020370370370372
3.7888888888888888
3.1325925925925926
2.968148148148148
3.136851851851852
3.594259259259259
3.585
2.962037037037037
3.314074074074074
2.917037037037037
3.0496296296296297
3.0188888888888887
2.9266666666666667
3.064814814814815
3.393148148148148
3.119074074074074
2.8533333333333335
2.8055555555555554
2.9125925925925924
2.744074074074074
2.982222222222222
2.925925925925926
2.6662962962962964
2.6794444444444445
2.7614814814814816
2.9814814814814814
2.4724074074074074
2.6375925925925925
2.666851851851852
2.4964814814814815
2.982222222222222
3.025
2.745
2.850925925925926
2.4229629629629628
2.5792592592592594
2.769814814814815
2.4074074074074074
2.5703703703703704
2.5211111111111113
2.2764814814814813
2.472777777777778
2.358888888888889
2.8205555555555555
2.3492592592592594
