-30273.0
-34848.0
-23068.0
-25173.0
-27891.0
-19419.0
-27421.0
-25594.0
-23725.0
-30629.0
-26598.0
-18158.0
-24884.0
-18743.0
-20319.0
-17310.0
-15478.0
-17760.0
-19157.0
-23535.0
-12702.0
-18340.0
-15641.0
-13977.0
-12450.0
-12025.0
-16534.0
-19496.0
-12305.0
-16712.0
-11346.0
-10647.0
-10778.0
-11276.0
-13352.0
-14062.0
-12275.0
-9500.0
-10016.0
-11747.0
-12406.0
-10524.0
-11855.0
-10421.0
-11996.0
-11271.0
-13379.0
-10019.0
-10921.0
-8526.0
-7761.0
-8454.0
-10075.0
-10391.0
-13974.0
-10894.0
-9254.0
-7684.0
-6968.0
-7639.0
-7626.0
-9686.0
-7012.0
-8530.0
-6915.0
-6753.0
-7262.0
-7393.0
-7175.0
-8546.0
-7433.0
-6546.0
-6857.0
-7081.0
-6443.0
-7462.0
-7406.0
-6054.0
-5623.0
-6169.0
-5891.0
-5397.0
-6404.0
-6391.0
-5838.0
-5735.0
-6489.0
-5965.0
-6320.0
-4898.0
-5336.0
-6172.0
-5197.0
-5026.0
-5379.0
-4494.0
-5181.0
-4502.0
-5368.0
-5218.0
