44476
49495
34581
39080
39634
29991
40338
39100
37338
45696
38824
30582
36775
30026
32904
28870
25789
28622
31061
35292
22723
29169
28870
24055
22729
22004
27406
30893
22356
27473
21186
20867
20892
20430
23635
26075
23315
18332
19336
22926
21929
19481
21922
19912
22218
21607
24708
20018
20381
17330
16433
17125
18624
20945
26391
19991
20460
16916
16028
16939
19409
19359
15995
17896
15752
16468
16302
15804
16550
18323
16843
15408
15150
15728
14818
16104
15800
14398
14469
14912
16100
13351
14243
14401
13481
16104
16335
14823
15395
13084
13928
14957
13000
13880
13614
12293
13353
12738
15231
12686
